{"pairwise_contact_matrix": [[0.0, 0.0, 0.0, 0.0, 0.0, 0.0, 0.0, 0.0, 0.0, 0.0, 0.0, 0.0, 0.0, 0.0, 0.0, 0.0, 0.0, 0.0, 0.0, 0.0, 980.0478837009334, 0.0, 0.0, 0.0, 0.0, 0.0, 0.0, 0.0, 0.0, 0.0, 0.0, 0.0, 0.0, 0.0, 0.0, 0.0, 0.0, 0.0, 0.0, 0.0, 0.0, 0.0, 0.0, 0.0, 0.0, 0.0, 0.0, 0.0, 0.0, 0.0, 0.0, 0.0, 0.0, 0.0, 0.0, 0.0, 0.0, 0.0, 0.0, 0.0, 0.0, 0.0, 0.0, 0.0, 0.0, 0.0, 0.0, 0.0, 0.0, 0.0, 0.0, 0.0, 0.0, 0.0, 0.0, 0.0, 0.0, 0.0, 0.0, 0.0, 0.0, 0.0, 0.0, 0.0, 0.0, 0.0, 0.0, 0.0, 0.0, 0.0, 0.0, 0.0, 0.0, 0.0, 0.0, 0.0, 0.0, 0.0, 0.0, 0.0, 0.0, 0.0, 0.0, 0.0, 0.0, 0.0, 0.0, 0.0, 0.0, 0.0, 0.0, 0.0, 0.0, 323.5930868359226, 0.0, 0.0, 0.0, 0.0, 0.0, 0.0, 0.0, 0.0, 0.0, 0.0, 0.0], [0.0, 0.0, 0.0, 0.0, 0.0, 0.0, 0.0, 0.0, 0.0, 0.0, 0.0, 0.0, 0.0, 0.0, 0.0, 0.0, 0.0, 0.0, 0.0, 0.0, 0.0, 0.0, 0.0, 299.25103167874164, 0.0, 0.0, 0.0, 0.0, 0.0, 0.0, 0.0, 0.0, 0.0, 0.0, 0.0, 281.78833007017084, 0.0, 0.0, 0.0, 0.0, 0.0, 0.0, 0.0, 0.0, 0.0, 0.0, 0.0, 0.0, 0.0, 0.0, 0.0, 0.0, 0.0, 0.0, 0.0, 0.0, 0.0, 0.0, 0.0, 0.0, 0.0, 0.0, 0.0, 0.0, 0.0, 0.0, 0.0, 0.0, 0.0, 0.0, 0.0, 0.0, 0.0, 0.0, 0.0, 0.0, 0.0, 0.0, 0.0, 0.0, 0.0, 0.0, 0.0, 0.0, 0.0, 0.0, 0.0, 0.0, 0.0, 0.0, 0.0, 0.0, 0.0, 0.0, 0.0, 0.0, 0.0, 0.0, 0.0, 0.0, 0.0, 379.43218514646327, 309.8679109163361, 0.0, 0.0, 0.0, 0.0, 0.0, 0.0, 0.0, 0.0, 0.0, 0.0, 0.0, 0.0, 0.0, 0.0, 0.0, 0.0, 0.0, 0.0, 0.0, 0.0, 0.0, 0.0], [0.0, 0.0, 0.0, 0.0, 0.0, 0.0, 0.0, 0.0, 0.0, 0.0, 0.0, 0.0, 0.0, 0.0, 5249.816881324897, 0.0, 0.0, 0.0, 0.0, 0.0, 0.0, 108.74269049998853, 102.7677330953899, 0.0, 144.8052595121741, 0.0, 0.0, 0.0, 0.0, 0.0, 0.0, 0.0, 0.0, 0.0, 0.0, 0.0, 0.0, 0.0, 50.7080370805475, 0.0, 0.0, 0.0, 0.0, 0.0, 0.0, 0.0, 0.0, 0.0, 0.0, 0.0, 0.0, 0.0, 68.26926570300877, 0.0, 0.0, 0.0, 0.0, 0.0, 0.0, 0.0, 0.0, 0.0, 0.0, 0.0, 0.0, 0.0, 0.0, 0.0, 0.0, 0.0, 0.0, 0.0, 0.0, 0.0, 0.0, 0.0, 0.0, 0.0, 0.0, 0.0, 0.0, 0.0, 0.0, 0.0, 0.0, 0.0, 0.0, 0.0, 0.0, 0.0, 0.0, 0.0, 0.0, 0.0, 0.0, 0.0, 0.0, 0.0, 0.0, 0.0, 0.0, 0.0, 0.0, 0.0, 0.0, 0.0, 0.0, 0.0, 0.0, 0.0, 0.0, 0.0, 0.0, 0.0, 0.0, 0.0, 0.0, 0.0, 0.0, 0.0, 0.0, 0.0, 0.0, 0.0, 0.0], [0.0, 0.0, 0.0, 0.0, 0.0, 0.0, 657.5226942248269, 0.0, 0.0, 0.0, 0.0, 0.0, 0.0, 0.0, 0.0, 0.0, 0.0, 0.0, 0.0, 0.0, 231.81585754886, 0.0, 0.0, 0.0, 0.0, 0.0, 0.0, 0.0, 0.0, 0.0, 0.0, 0.0, 0.0, 0.0, 0.0, 0.0, 0.0, 0.0, 152.78730904365634, 0.0, 0.0, 0.0, 0.0, 0.0, 0.0, 0.0, 0.0, 0.0, 0.0, 0.0, 174.67955238987958, 0.0, 0.0, 0.0, 0.0, 0.0, 0.0, 0.0, 0.0, 0.0, 0.0, 0.0, 0.0, 0.0, 0.0, 0.0, 0.0, 0.0, 0.0, 0.0, 0.0, 0.0, 0.0, 0.0, 0.0, 0.0, 0.0, 0.0, 0.0, 0.0, 0.0, 0.0, 0.0, 0.0, 0.0, 0.0, 0.0, 0.0, 0.0, 0.0, 0.0, 0.0, 0.0, 0.0, 0.0, 0.0, 0.0, 0.0, 0.0, 0.0, 0.0, 0.0, 0.0, 0.0, 0.0, 0.0, 0.0, 0.0, 0.0, 0.0, 0.0, 0.0, 0.0, 0.0, 0.0, 0.0, 0.0, 0.0, 0.0, 0.0, 0.0, 0.0, 0.0, 0.0, 0.0], [0.0, 0.0, 0.0, 0.0, 0.0, 0.0, 429.0047981260815, 0.0, 0.0, 0.0, 0.0, 1762.377501660543, 0.0, 0.0, 0.0, 0.0, 0.0, 0.0, 0.0, 0.0, 0.0, 0.0, 0.0, 0.0, 0.0, 0.0, 0.0, 0.0, 0.0, 0.0, 0.0, 0.0, 0.0, 0.0, 0.0, 0.0, 0.0, 0.0, 0.0, 0.0, 0.0, 0.0, 0.0, 0.0, 0.0, 0.0, 0.0, 0.0, 0.0, 0.0, 0.0, 0.0, 0.0, 0.0, 0.0, 0.0, 0.0, 0.0, 0.0, 0.0, 0.0, 0.0, 0.0, 0.0, 0.0, 0.0, 0.0, 0.0, 0.0, 0.0, 0.0, 0.0, 0.0, 0.0, 0.0, 0.0, 0.0, 0.0, 0.0, 0.0, 0.0, 0.0, 0.0, 0.0, 0.0, 0.0, 0.0, 0.0, 0.0, 0.0, 0.0, 0.0, 0.0, 0.0, 0.0, 0.0, 0.0, 0.0, 0.0, 0.0, 0.0, 0.0, 0.0, 0.0, 0.0, 0.0, 0.0, 0.0, 0.0, 0.0, 0.0, 0.0, 0.0, 0.0, 0.0, 0.0, 0.0, 0.0, 0.0, 0.0, 0.0, 0.0, 0.0, 0.0, 0.0], [0.0, 0.0, 0.0, 0.0, 0.0, 0.0, 2963.6415968680253, 0.0, 0.0, 0.0, 0.0, 0.0, 0.0, 0.0, 0.0, 0.0, 0.0, 0.0, 0.0, 0.0, 0.0, 738.406474395803, 0.0, 0.0, 0.0, 0.0, 0.0, 0.0, 0.0, 0.0, 0.0, 0.0, 0.0, 0.0, 0.0, 0.0, 0.0, 0.0, 0.0, 0.0, 0.0, 0.0, 0.0, 0.0, 0.0, 0.0, 0.0, 0.0, 0.0, 0.0, 0.0, 0.0, 0.0, 0.0, 0.0, 0.0, 0.0, 0.0, 0.0, 0.0, 0.0, 0.0, 0.0, 0.0, 0.0, 0.0, 0.0, 0.0, 0.0, 0.0, 0.0, 0.0, 0.0, 0.0, 0.0, 0.0, 0.0, 0.0, 0.0, 0.0, 0.0, 0.0, 0.0, 0.0, 0.0, 0.0, 0.0, 0.0, 0.0, 0.0, 0.0, 0.0, 0.0, 0.0, 0.0, 0.0, 0.0, 0.0, 0.0, 0.0, 0.0, 0.0, 0.0, 0.0, 0.0, 0.0, 0.0, 0.0, 0.0, 0.0, 0.0, 0.0, 0.0, 0.0, 0.0, 0.0, 0.0, 0.0, 0.0, 0.0, 0.0, 0.0, 0.0, 0.0, 0.0], [0.0, 0.0, 0.0, 657.5226942248269, 429.0047981260815, 2963.6415968680253, 1882.5598741257588, 0.0, 0.0, 0.0, 0.0, 211.88134626998374, 0.0, 0.0, 0.0, 316.9899748485328, 0.0, 0.0, 302.9835765727569, 87.77723450136722, 127.28767889485349, 141.357362237662, 115.37349671612206, 147.10974756422414, 119.78654799329615, 70.23864856783301, 123.39381946649888, 133.87631928300496, 114.76120347074585, 85.8734326053028, 87.99462176845233, 20.612021008162937, 16.888302897476656, 12.780871792568902, 27.846140514459456, 13.192876537266763, 17.517454049442243, 21.287381137293885, 17.977269426314816, 0.0, 0.0, 7.604539832343025, 0.0, 13.268633328875413, 23.534403105728124, 18.72995185444658, 0.0, 6.60837613945754, 0.0, 6.742643699601728, 0.0, 7.119504787047866, 0.0, 0.0, 7.2477952774043555, 5.318867378516935, 6.240200930700025, 0.0, 6.663317410218557, 7.173127168506435, 7.8031398671925345, 0.0, 0.0, 21.283182348042565, 0.0, 0.0, 17.993031174511856, 0.0, 0.0, 0.0, 0.0, 0.0, 8.392699329461516, 13.415801484061198, 0.0, 0.0, 15.498336395920067, 0.0, 9.021582025304916, 0.0, 0.0, 0.0, 6.646930520138793, 0.0, 7.064746492554659, 0.0, 0.0, 0.0, 0.0, 0.0, 6.300324804398558, 0.0, 6.796403065123842, 0.0, 0.0, 0.0, 0.0, 8.40625506608229, 14.139183409940754, 12.862180370863664, 23.356567210739, 17.764404834139476, 21.761276046609133, 0.0, 25.76127309125868, 0.0, 6.686259829367888, 0.0, 0.0, 0.0, 0.0, 6.1211252844718, 0.0, 0.0, 0.0, 0.0, 9.694455577662135, 0.0, 15.075151522668019, 0.0, 0.0, 6.427713583487241, 0.0, 0.0, 0.0], [0.0, 0.0, 0.0, 0.0, 0.0, 0.0, 0.0, 0.0, 0.0, 0.0, 0.0, 0.0, 0.0, 0.0, 0.0, 0.0, 0.0, 0.0, 0.0, 940.4215667918745, 0.0, 0.0, 325.2843320228187, 0.0, 0.0, 0.0, 600.9127418055652, 0.0, 0.0, 0.0, 0.0, 0.0, 0.0, 0.0, 0.0, 0.0, 0.0, 0.0, 0.0, 0.0, 0.0, 0.0, 0.0, 0.0, 0.0, 0.0, 0.0, 0.0, 0.0, 0.0, 0.0, 0.0, 0.0, 0.0, 0.0, 0.0, 0.0, 0.0, 0.0, 0.0, 0.0, 0.0, 0.0, 0.0, 0.0, 0.0, 0.0, 0.0, 400.8362503476472, 0.0, 0.0, 0.0, 0.0, 0.0, 0.0, 0.0, 0.0, 0.0, 0.0, 0.0, 0.0, 0.0, 0.0, 0.0, 0.0, 0.0, 0.0, 0.0, 282.8971511490219, 0.0, 0.0, 0.0, 0.0, 0.0, 0.0, 0.0, 0.0, 0.0, 0.0, 0.0, 0.0, 0.0, 0.0, 0.0, 0.0, 0.0, 0.0, 0.0, 0.0, 0.0, 0.0, 0.0, 0.0, 0.0, 0.0, 0.0, 0.0, 0.0, 0.0, 0.0, 0.0, 0.0, 0.0, 0.0, 0.0], [0.0, 0.0, 0.0, 0.0, 0.0, 0.0, 0.0, 0.0, 83345.95859908627, 0.0, 0.0, 0.0, 0.0, 0.0, 0.0, 0.0, 0.0, 0.0, 0.0, 0.0, 516.8775097730917, 0.0, 345.20872087328075, 398.2460342039106, 0.0, 0.0, 0.0, 0.0, 0.0, 0.0, 0.0, 0.0, 0.0, 0.0, 316.6097684743355, 0.0, 0.0, 0.0, 0.0, 0.0, 0.0, 0.0, 0.0, 0.0, 0.0, 0.0, 0.0, 0.0, 0.0, 0.0, 0.0, 0.0, 0.0, 0.0, 0.0, 0.0, 0.0, 0.0, 0.0, 0.0, 0.0, 0.0, 0.0, 0.0, 0.0, 0.0, 0.0, 0.0, 0.0, 0.0, 0.0, 0.0, 0.0, 0.0, 0.0, 0.0, 0.0, 0.0, 0.0, 0.0, 0.0, 0.0, 0.0, 0.0, 0.0, 0.0, 0.0, 0.0, 0.0, 0.0, 0.0, 0.0, 0.0, 0.0, 0.0, 0.0, 356.2831687865048, 0.0, 0.0, 731.2129929064495, 0.0, 0.0, 0.0, 0.0, 0.0, 0.0, 0.0, 0.0, 404.4489854032385, 0.0, 0.0, 0.0, 0.0, 0.0, 0.0, 0.0, 0.0, 0.0, 0.0, 0.0, 0.0, 0.0, 0.0, 0.0, 0.0], [0.0, 0.0, 0.0, 0.0, 0.0, 0.0, 0.0, 0.0, 0.0, 0.0, 0.0, 0.0, 0.0, 0.0, 0.0, 0.0, 0.0, 0.0, 0.0, 0.0, 324.5399314763442, 229.3535994915224, 108.37578778232553, 375.079409166019, 0.0, 0.0, 0.0, 265.48565950546583, 0.0, 574.737988863091, 0.0, 0.0, 0.0, 0.0, 0.0, 0.0, 0.0, 0.0, 0.0, 123.8848774415014, 0.0, 0.0, 0.0, 0.0, 0.0, 0.0, 0.0, 117.9436510008763, 0.0, 0.0, 0.0, 0.0, 0.0, 0.0, 0.0, 0.0, 0.0, 0.0, 118.9242208000878, 0.0, 0.0, 0.0, 0.0, 0.0, 155.59071829597366, 0.0, 0.0, 0.0, 0.0, 0.0, 0.0, 0.0, 0.0, 0.0, 0.0, 0.0, 0.0, 0.0, 0.0, 0.0, 0.0, 0.0, 0.0, 128.5291653473169, 0.0, 0.0, 0.0, 0.0, 0.0, 0.0, 112.44567413245714, 0.0, 0.0, 0.0, 0.0, 0.0, 0.0, 0.0, 0.0, 0.0, 0.0, 0.0, 0.0, 0.0, 0.0, 0.0, 0.0, 0.0, 0.0, 0.0, 0.0, 0.0, 0.0, 0.0, 0.0, 0.0, 0.0, 0.0, 0.0, 0.0, 0.0, 0.0, 0.0, 0.0, 0.0], [0.0, 0.0, 0.0, 0.0, 0.0, 0.0, 0.0, 0.0, 0.0, 0.0, 0.0, 3818.9971087499866, 0.0, 0.0, 0.0, 2856.749352316098, 0.0, 0.0, 0.0, 0.0, 0.0, 463.24671562191287, 109.44831006446763, 0.0, 616.874206122392, 361.713492042667, 0.0, 268.112992521773, 0.0, 193.4752613971305, 0.0, 0.0, 0.0, 0.0, 0.0, 118.89568911771379, 0.0, 0.0, 0.0, 0.0, 0.0, 0.0, 180.22562862669983, 0.0, 0.0, 0.0, 0.0, 0.0, 0.0, 0.0, 0.0, 0.0, 0.0, 0.0, 0.0, 0.0, 0.0, 0.0, 120.10113382932145, 0.0, 140.64555052433937, 282.98192075734755, 0.0, 0.0, 0.0, 0.0, 0.0, 0.0, 0.0, 0.0, 0.0, 0.0, 0.0, 0.0, 0.0, 0.0, 0.0, 0.0, 0.0, 0.0, 0.0, 0.0, 0.0, 0.0, 0.0, 0.0, 0.0, 0.0, 0.0, 0.0, 0.0, 0.0, 0.0, 0.0, 0.0, 0.0, 0.0, 0.0, 0.0, 0.0, 0.0, 0.0, 130.74338030496065, 0.0, 0.0, 0.0, 0.0, 0.0, 0.0, 0.0, 0.0, 0.0, 0.0, 0.0, 0.0, 0.0, 174.7350508846647, 0.0, 0.0, 0.0, 0.0, 0.0, 0.0, 0.0, 0.0], [0.0, 0.0, 0.0, 0.0, 1762.377501660543, 0.0, 211.88134626998374, 0.0, 0.0, 0.0, 3818.9971087499866, 1305.6319625754709, 0.0, 0.0, 0.0, 0.0, 1853.1206504671336, 0.0, 0.0, 288.4753250666011, 74.70077674214618, 0.0, 199.56263601964346, 172.66733912975621, 210.8958602132556, 123.66196754212089, 92.16531428579353, 122.2159928902604, 39.28716025706114, 88.19330592281068, 108.44615888860474, 0.0, 0.0, 0.0, 22.878723858160004, 0.0, 23.98758478379241, 21.862460367292886, 0.0, 0.0, 0.0, 0.0, 0.0, 0.0, 0.0, 0.0, 25.601179961832667, 0.0, 0.0, 0.0, 0.0, 0.0, 0.0, 29.877329750115468, 0.0, 0.0, 0.0, 30.686693157392146, 0.0, 0.0, 0.0, 0.0, 0.0, 0.0, 0.0, 0.0, 0.0, 27.425418453009293, 0.0, 34.00197523725299, 0.0, 0.0, 0.0, 0.0, 0.0, 0.0, 0.0, 0.0, 0.0, 0.0, 0.0, 0.0, 0.0, 0.0, 0.0, 0.0, 0.0, 0.0, 0.0, 0.0, 0.0, 0.0, 0.0, 0.0, 28.558481747923675, 0.0, 0.0, 0.0, 0.0, 0.0, 47.975091127222335, 0.0, 0.0, 33.41944942462693, 0.0, 0.0, 0.0, 0.0, 0.0, 0.0, 0.0, 0.0, 0.0, 0.0, 0.0, 0.0, 39.82540632540446, 0.0, 0.0, 0.0, 36.384510585188245, 0.0, 0.0, 0.0, 28.2091730539105], [0.0, 0.0, 0.0, 0.0, 0.0, 0.0, 0.0, 0.0, 0.0, 0.0, 0.0, 0.0, 0.0, 0.0, 0.0, 0.0, 0.0, 0.0, 0.0, 882.9989069485488, 114.32642323272209, 161.58983312860713, 534.4890096003156, 352.34688138887697, 215.17821209986826, 0.0, 141.0551695437665, 187.04647981385676, 0.0, 134.97617640614789, 0.0, 86.3948006355647, 0.0, 0.0, 0.0, 82.94644696379288, 0.0, 133.83833506778228, 226.05390428864985, 0.0, 0.0, 0.0, 0.0, 0.0, 0.0, 0.0, 0.0, 0.0, 0.0, 0.0, 0.0, 0.0, 0.0, 0.0, 0.0, 0.0, 0.0, 0.0, 0.0, 0.0, 0.0, 0.0, 0.0, 0.0, 0.0, 0.0, 0.0, 0.0, 0.0, 0.0, 0.0, 0.0, 0.0, 0.0, 0.0, 0.0, 0.0, 0.0, 0.0, 0.0, 0.0, 0.0, 0.0, 0.0, 88.83515563903406, 0.0, 0.0, 0.0, 0.0, 0.0, 0.0, 0.0, 0.0, 0.0, 0.0, 0.0, 0.0, 0.0, 0.0, 0.0, 0.0, 111.68862675672152, 0.0, 0.0, 0.0, 0.0, 0.0, 0.0, 0.0, 0.0, 0.0, 0.0, 0.0, 0.0, 0.0, 0.0, 0.0, 0.0, 0.0, 87.83991264848675, 0.0, 0.0, 0.0, 0.0, 0.0], [0.0, 0.0, 0.0, 0.0, 0.0, 0.0, 0.0, 0.0, 0.0, 0.0, 0.0, 0.0, 0.0, 0.0, 0.0, 0.0, 0.0, 0.0, 0.0, 712.0463205843942, 0.0, 0.0, 0.0, 0.0, 0.0, 0.0, 0.0, 0.0, 0.0, 0.0, 0.0, 0.0, 0.0, 0.0, 0.0, 0.0, 0.0, 0.0, 0.0, 0.0, 0.0, 0.0, 0.0, 0.0, 0.0, 0.0, 0.0, 0.0, 0.0, 0.0, 0.0, 0.0, 0.0, 0.0, 0.0, 0.0, 0.0, 0.0, 0.0, 0.0, 0.0, 0.0, 0.0, 0.0, 0.0, 0.0, 0.0, 0.0, 0.0, 0.0, 0.0, 0.0, 0.0, 0.0, 0.0, 0.0, 0.0, 0.0, 0.0, 0.0, 0.0, 0.0, 0.0, 0.0, 0.0, 0.0, 0.0, 0.0, 0.0, 0.0, 0.0, 0.0, 0.0, 0.0, 0.0, 0.0, 0.0, 0.0, 0.0, 0.0, 0.0, 0.0, 0.0, 0.0, 0.0, 0.0, 0.0, 0.0, 0.0, 0.0, 0.0, 0.0, 0.0, 0.0, 0.0, 0.0, 0.0, 0.0, 0.0, 0.0, 0.0, 0.0, 0.0, 0.0, 0.0], [0.0, 0.0, 5249.816881324897, 0.0, 0.0, 0.0, 0.0, 0.0, 0.0, 0.0, 0.0, 0.0, 0.0, 0.0, 0.0, 0.0, 0.0, 0.0, 0.0, 0.0, 218.72691234819092, 0.0, 0.0, 0.0, 0.0, 0.0, 0.0, 0.0, 0.0, 0.0, 0.0, 0.0, 0.0, 153.73557393808358, 0.0, 0.0, 0.0, 0.0, 0.0, 0.0, 0.0, 0.0, 0.0, 0.0, 0.0, 0.0, 0.0, 0.0, 0.0, 0.0, 0.0, 0.0, 0.0, 0.0, 0.0, 0.0, 0.0, 0.0, 0.0, 0.0, 0.0, 0.0, 0.0, 0.0, 0.0, 0.0, 0.0, 0.0, 0.0, 0.0, 0.0, 0.0, 0.0, 0.0, 0.0, 0.0, 0.0, 0.0, 0.0, 0.0, 0.0, 0.0, 0.0, 0.0, 0.0, 0.0, 0.0, 0.0, 0.0, 0.0, 0.0, 0.0, 0.0, 0.0, 0.0, 0.0, 0.0, 0.0, 0.0, 0.0, 0.0, 0.0, 174.50464605477418, 0.0, 0.0, 0.0, 0.0, 0.0, 0.0, 0.0, 0.0, 0.0, 0.0, 0.0, 0.0, 0.0, 0.0, 0.0, 0.0, 0.0, 0.0, 0.0, 0.0, 0.0, 0.0], [0.0, 0.0, 0.0, 0.0, 0.0, 0.0, 316.9899748485328, 0.0, 0.0, 0.0, 2856.749352316098, 0.0, 0.0, 0.0, 0.0, 974.1035496524339, 0.0, 0.0, 931.0621812785653, 431.58016336541766, 55.87890995955346, 0.0, 186.60017766490657, 129.16147752374934, 0.0, 185.00733864012741, 68.94302205380039, 0.0, 176.32938662595714, 65.97181469353626, 54.08112572388469, 0.0, 0.0, 0.0, 34.22824249532377, 40.541433120143815, 0.0, 0.0, 36.82918146880209, 0.0, 0.0, 0.0, 0.0, 0.0, 36.16036377048714, 0.0, 0.0, 0.0, 0.0, 0.0, 0.0, 0.0, 0.0, 0.0, 0.0, 32.68953597677389, 0.0, 45.90953504586266, 0.0, 0.0, 0.0, 0.0, 0.0, 43.60184888714468, 0.0, 0.0, 0.0, 0.0, 0.0, 0.0, 42.366672747526735, 0.0, 0.0, 41.2264768098766, 0.0, 0.0, 0.0, 0.0, 0.0, 0.0, 0.0, 0.0, 0.0, 0.0, 0.0, 0.0, 36.39721414500272, 0.0, 0.0, 0.0, 0.0, 0.0, 0.0, 0.0, 42.72557528236298, 0.0, 0.0, 0.0, 43.44941430842175, 0.0, 0.0, 54.58964377238321, 0.0, 0.0, 0.0, 0.0, 41.09347266769488, 0.0, 0.0, 0.0, 0.0, 0.0, 0.0, 0.0, 0.0, 0.0, 0.0, 0.0, 0.0, 0.0, 0.0, 0.0, 0.0, 0.0, 0.0], [0.0, 0.0, 0.0, 0.0, 0.0, 0.0, 0.0, 0.0, 0.0, 0.0, 0.0, 1853.1206504671336, 0.0, 0.0, 0.0, 0.0, 0.0, 0.0, 0.0, 0.0, 0.0, 224.7846831340038, 0.0, 0.0, 0.0, 0.0, 0.0, 0.0, 0.0, 0.0, 0.0, 0.0, 0.0, 0.0, 0.0, 0.0, 0.0, 0.0, 0.0, 0.0, 0.0, 0.0, 0.0, 0.0, 0.0, 0.0, 0.0, 0.0, 0.0, 0.0, 0.0, 0.0, 0.0, 0.0, 0.0, 0.0, 0.0, 0.0, 0.0, 0.0, 0.0, 0.0, 0.0, 0.0, 0.0, 0.0, 0.0, 0.0, 0.0, 0.0, 0.0, 0.0, 0.0, 0.0, 0.0, 0.0, 0.0, 0.0, 0.0, 0.0, 0.0, 0.0, 0.0, 0.0, 0.0, 0.0, 0.0, 0.0, 0.0, 0.0, 0.0, 0.0, 0.0, 0.0, 0.0, 0.0, 0.0, 0.0, 0.0, 0.0, 0.0, 0.0, 0.0, 0.0, 0.0, 0.0, 0.0, 0.0, 0.0, 0.0, 0.0, 0.0, 0.0, 0.0, 0.0, 0.0, 0.0, 0.0, 0.0, 0.0, 0.0, 0.0, 0.0, 0.0, 0.0], [0.0, 0.0, 0.0, 0.0, 0.0, 0.0, 0.0, 0.0, 0.0, 0.0, 0.0, 0.0, 0.0, 0.0, 0.0, 0.0, 0.0, 0.0, 0.0, 0.0, 0.0, 802.1433253841648, 379.03444722722327, 0.0, 0.0, 626.3316145779897, 0.0, 0.0, 596.9529113534751, 0.0, 0.0, 0.0, 0.0, 0.0, 0.0, 0.0, 0.0, 0.0, 0.0, 0.0, 0.0, 0.0, 0.0, 0.0, 0.0, 389.7100745156428, 0.0, 0.0, 0.0, 0.0, 0.0, 0.0, 0.0, 0.0, 0.0, 0.0, 0.0, 0.0, 0.0, 0.0, 0.0, 0.0, 0.0, 0.0, 0.0, 0.0, 0.0, 0.0, 0.0, 0.0, 0.0, 0.0, 0.0, 0.0, 0.0, 0.0, 0.0, 0.0, 0.0, 0.0, 0.0, 0.0, 0.0, 0.0, 0.0, 0.0, 0.0, 0.0, 0.0, 0.0, 0.0, 379.8787540464413, 0.0, 0.0, 0.0, 0.0, 0.0, 0.0, 0.0, 0.0, 0.0, 0.0, 0.0, 0.0, 0.0, 0.0, 0.0, 0.0, 0.0, 0.0, 0.0, 0.0, 0.0, 0.0, 0.0, 0.0, 0.0, 0.0, 0.0, 0.0, 0.0, 0.0, 0.0, 0.0, 0.0], [0.0, 0.0, 0.0, 0.0, 0.0, 0.0, 302.9835765727569, 0.0, 0.0, 0.0, 0.0, 0.0, 0.0, 0.0, 0.0, 931.0621812785653, 0.0, 0.0, 889.9226224116593, 206.25526333567925, 106.81973146073402, 301.9596361629594, 249.69718661625276, 288.06026125365247, 0.0, 117.88844990061564, 131.79346388841535, 174.76497715423244, 224.7175513582764, 252.22723688209774, 155.0745531122845, 40.36105190096282, 0.0, 37.5399454683605, 65.43169282238782, 0.0, 0.0, 62.52524397614641, 35.20186128598131, 0.0, 0.0, 0.0, 0.0, 0.0, 34.56259571170739, 0.0, 0.0, 0.0, 0.0, 0.0, 0.0, 0.0, 0.0, 0.0, 0.0, 0.0, 36.657405919100725, 0.0, 39.14295930320173, 0.0, 0.0, 0.0, 0.0, 0.0, 0.0, 0.0, 0.0, 0.0, 0.0, 0.0, 0.0, 0.0, 49.3020320168637, 39.40485941020304, 0.0, 0.0, 0.0, 0.0, 0.0, 0.0, 0.0, 0.0, 0.0, 0.0, 0.0, 0.0, 0.0, 0.0, 0.0, 0.0, 0.0, 0.0, 0.0, 0.0, 0.0, 0.0, 0.0, 0.0, 0.0, 0.0, 0.0, 0.0, 0.0, 0.0, 0.0, 0.0, 0.0, 0.0, 0.0, 0.0, 0.0, 0.0, 0.0, 0.0, 0.0, 0.0, 0.0, 0.0, 0.0, 0.0, 0.0, 0.0, 0.0, 0.0, 0.0], [0.0, 0.0, 0.0, 0.0, 0.0, 0.0, 87.77723450136722, 940.4215667918745, 0.0, 0.0, 0.0, 288.4753250666011, 882.9989069485488, 712.0463205843942, 0.0, 431.58016336541766, 0.0, 0.0, 206.25526333567925, 681.1969538677286, 810.8034335234631, 472.3951816250261, 239.75429721940327, 300.43370732820705, 163.0887474489652, 198.08977413261184, 206.18185298435057, 151.89324671473787, 104.16451175484374, 146.14527671677448, 65.89231502018087, 28.063156881365188, 22.993334495642543, 30.451905593998106, 18.956186040377567, 8.98101558879588, 19.87493369997206, 25.359824089356408, 28.555282732554698, 9.450492248055367, 13.243325587419044, 5.176770250746337, 6.80684553076777, 18.065173646100817, 4.005245568858701, 4.250121624525079, 12.727127611270083, 4.498634468187841, 5.2948903654731785, 9.180073504783227, 0.0, 0.0, 0.0, 0.0, 4.93391734447742, 3.6208048113133477, 8.49600034951078, 5.085097123964235, 9.072071184055199, 19.5323489123224, 5.311966695879475, 5.3438965292360985, 5.623512546374349, 4.829489912151132, 0.0, 0.0, 0.0, 0.0, 0.0, 16.903419237899293, 9.3853551566211, 9.523385559813471, 11.426615461314164, 18.265542305985466, 4.621835854335675, 0.0, 7.0336341675994385, 0.0, 6.141417952028385, 0.0, 9.195416917629075, 0.0, 0.0, 4.90238964532782, 0.0, 0.0, 0.0, 0.0, 7.190081794650271, 0.0, 4.288929341750929, 4.142902667520383, 4.6266332973857285, 0.0, 9.4648617012139, 0.0, 4.266305530064332, 11.445071524563884, 0.0, 17.51179010738516, 7.949960481623061, 6.046535654692817, 4.937976916422024, 11.075885256323316, 0.0, 14.2826265855086, 0.0, 0.0, 0.0, 0.0, 0.0, 0.0, 12.344323563020344, 4.087203097664993, 6.194046732422924, 0.0, 13.198949663772225, 5.057525448134427, 5.131184637637446, 0.0, 6.029283415603798, 0.0, 5.374704344111528, 0.0, 0.0], [980.0478837009334, 0.0, 0.0, 231.81585754886, 0.0, 0.0, 127.28767889485349, 0.0, 516.8775097730917, 324.5399314763442, 0.0, 74.70077674214618, 114.32642323272209, 0.0, 218.72691234819092, 55.87890995955346, 0.0, 0.0, 106.81973146073402, 810.8034335234631, 827.009372340912, 611.6344090866274, 340.3940598005647, 328.4779263710047, 289.5900533297053, 148.579807454595, 205.653667927847, 183.553086818325, 165.21227891310218, 155.16189923771023, 89.96767984422269, 26.64553231175856, 29.77065623064867, 49.5661922991156, 19.634841502758086, 20.93073146673245, 24.7037777902503, 35.64907286715396, 14.788799005398154, 12.236039795819284, 20.576180118024496, 21.448420721993084, 14.101078439059291, 4.67798243414379, 12.44591529487833, 4.402281360144981, 8.788516596477647, 2.3298456391376856, 2.742227072447427, 2.3771829399931526, 4.830806595159798, 2.510048888089616, 2.844351723698386, 2.5641143177656924, 0.0, 1.8752171040927768, 6.600125939681067, 5.2671500397017645, 2.349215704852762, 5.057907933762568, 5.502141829551576, 2.7676073956858023, 2.9124207079852185, 7.503587649087651, 3.0735215794657824, 9.342807502070148, 3.1718068351543645, 9.4147514137611, 2.638084450137733, 11.672388699705397, 4.860681377435937, 0.0, 2.958925690774132, 4.729867962047123, 2.393651715021836, 0.0, 1.8213617941793534, 0.0, 3.1806442454567905, 6.421336427275922, 2.381156121606504, 0.0, 4.686876702895358, 0.0, 0.0, 0.0, 2.0879060062073256, 0.0, 1.8618739567272753, 4.8054993911158235, 0.0, 0.0, 9.584545255258783, 4.804051106670458, 14.705573601647242, 0.0, 4.41904466999444, 11.854819576779471, 4.984903115899587, 27.208101549727097, 12.351868699539576, 9.394513930791561, 30.688576454684366, 8.604311979506921, 0.0, 0.0, 11.786521360808164, 6.254880169988752, 5.016454016950289, 4.676182069506804, 5.120391506911113, 2.1580607322713186, 4.262088658945566, 0.0, 0.0, 3.2816059119983705, 0.0, 5.238591262966268, 2.6574437723600153, 0.0, 3.122569698050677, 0.0, 2.7835627825140623, 2.7196416794438605, 0.0], [0.0, 0.0, 108.74269049998853, 0.0, 0.0, 738.406474395803, 141.357362237662, 0.0, 0.0, 229.3535994915224, 463.24671562191287, 0.0, 161.58983312860713, 0.0, 0.0, 0.0, 224.7846831340038, 802.1433253841648, 301.9596361629594, 472.3951816250261, 611.6344090866274, 768.4344085829612, 590.0473654327404, 390.96689752841746, 247.29071902045004, 185.00337053229842, 201.23477514764082, 200.13582147987248, 214.4500597047728, 181.8643451325376, 105.23669014958051, 30.813543268310905, 29.454649813132047, 44.58187483277576, 24.976830421178626, 19.722436332349947, 37.826215667286895, 31.823159867887775, 20.90260060520132, 13.835609111896167, 16.15696051942037, 18.947100259819027, 9.965285572096953, 0.0, 17.591151010981243, 6.222217841303034, 9.316316977191704, 0.0, 11.627653586315509, 3.3599283851269943, 0.0, 3.5477221232174263, 0.0, 0.0, 3.611650587970219, 5.300892136080289, 6.219112018982511, 3.7223148941090143, 9.961197849009867, 0.0, 0.0, 0.0, 8.232875006430408, 10.60562765629243, 0.0, 0.0, 0.0, 9.980160755139929, 11.186065671166359, 0.0, 3.4350619500811796, 13.942325602623328, 0.0, 6.68523122735799, 0.0, 0.0, 7.722979694444552, 0.0, 8.991093368129157, 4.537982788257028, 0.0, 6.395266977813347, 6.624467055822759, 0.0, 0.0, 0.0, 2.9510621743538756, 0.0, 7.8947602872600555, 0.0, 0.0, 6.065248284631801, 6.773434454685049, 3.3950411231180455, 3.4641615314561567, 0.0, 3.122955615250469, 33.511383685679036, 3.5228499234197064, 6.409356158807671, 34.91644968061585, 13.278277195035088, 18.073111068166774, 8.107599845195146, 0.0, 0.0, 3.3318317253445433, 5.89379669387826, 0.0, 3.304675589965966, 0.0, 0.0, 6.024068414844127, 0.0, 9.068142395255178, 4.638246668788411, 4.830846463926859, 3.7021322983601195, 3.7560511698174537, 0.0, 0.0, 0.0, 0.0, 0.0, 0.0], [0.0, 0.0, 102.7677330953899, 0.0, 0.0, 0.0, 115.37349671612206, 325.2843320228187, 345.20872087328075, 108.37578778232553, 109.44831006446763, 199.56263601964346, 534.4890096003156, 0.0, 0.0, 186.60017766490657, 0.0, 379.03444722722327, 249.69718661625276, 239.75429721940327, 340.3940598005647, 590.0473654327404, 857.8872663054818, 809.8976978397957, 310.2610454845458, 224.45445461647452, 237.72220420973645, 241.67785723873197, 229.68917956317463, 222.4221452725978, 111.88616945041846, 43.68070132936463, 53.68417642299903, 34.60866408279482, 32.7839690814382, 46.596926737663665, 28.8732415288183, 33.8339361715515, 23.98710911839341, 14.709825093729814, 13.742282619570165, 14.3248288853613, 16.481035696024442, 24.99439889450611, 13.853825512509651, 19.111081978641405, 7.3370201722829655, 10.892292901085856, 14.651683342759195, 1.5876571653447906, 6.452734096453188, 0.0, 1.8996667521530997, 5.137510959979711, 1.7066027240624997, 2.5048151085070307, 2.938698873085145, 1.7588946060463257, 3.137957187897995, 6.756083966104465, 7.349467938261426, 1.848411259688098, 7.78051285450433, 0.0, 16.421785555956394, 2.079937423066181, 2.118365298775413, 7.859827114336889, 1.7619063344186325, 5.846758124081382, 3.246319619543619, 4.941094855449962, 1.9761876528921525, 3.158952823841361, 4.795968664538554, 1.3558594354378741, 6.082195136446722, 1.8710181871258105, 6.3728027091512285, 2.1443197783262535, 6.3612429900478205, 0.0, 4.695360160497881, 1.6956975439600492, 4.990503379666083, 0.0, 2.7889136132964456, 2.722109174197857, 1.2434960215453297, 1.6047325203728415, 4.450519528546523, 2.86599409121838, 0.0, 6.416995540284243, 6.547640600524612, 4.769887532065304, 1.4756811131909744, 9.896897777773596, 6.658568019615982, 9.085783145696256, 27.498280305229038, 20.91448538551215, 3.4160137953491154, 3.831060520501501, 12.13176066656367, 0.0, 1.574380732601961, 1.3924892854178468, 1.675178008104148, 0.0, 3.419773097202799, 0.0, 1.4232677436952303, 1.4137310078935974, 6.427414337426239, 4.383394355031882, 9.130823189071194, 6.997431131644389, 3.549671820125398, 1.6448644975759628, 8.341924505672177, 0.0, 1.8590674375520566, 1.8163762354578494, 3.2337770688464205], [0.0, 299.25103167874164, 0.0, 0.0, 0.0, 0.0, 147.10974756422414, 0.0, 398.2460342039106, 375.079409166019, 0.0, 172.66733912975621, 352.34688138887697, 0.0, 0.0, 129.16147752374934, 0.0, 0.0, 288.06026125365247, 300.43370732820705, 328.4779263710047, 390.96689752841746, 809.8976978397957, 1071.3386385764845, 757.6939716842328, 288.92171899683757, 298.62283616790035, 274.76814694947, 314.3369509086413, 244.93132971936478, 152.97917723318196, 59.723536726277345, 52.75699711684047, 29.510435731704515, 33.282343975621444, 30.46173543464283, 31.72312378594551, 50.59720267001364, 37.439197099923454, 26.397496208568512, 10.569083230397505, 14.459963510877015, 35.31014601246913, 10.812936821092311, 12.785844007539298, 16.959444549030426, 11.849975431477345, 14.360876897138498, 10.564215271894973, 5.49474678543317, 7.444121797340544, 7.735813583983989, 4.383057000646887, 3.9512199273051567, 1.9688024250956468, 2.8896508780354293, 8.47548961802781, 6.087385043476887, 12.670237612979296, 7.794077853662888, 6.358971289566167, 6.397194588999295, 11.219872938538526, 5.781396882333784, 2.368100288595898, 14.396974005169534, 7.331482620992393, 12.69435765658674, 10.163013966535036, 13.490089300030363, 1.8725394754962863, 13.300552373853417, 6.839417847985908, 7.288578522289814, 1.8442711952998612, 3.1283430020836422, 1.4033307653507197, 6.475435247359511, 7.351909880095536, 4.947539248852948, 5.503930608238986, 1.7431111936729868, 0.0, 0.0, 0.0, 0.0, 4.826096731085979, 0.0, 0.0, 0.0, 1.7114300665280935, 3.3063208194515323, 0.0, 1.850723106703082, 1.888402396059851, 3.6684835934199684, 3.404804777765999, 11.417441253943988, 7.681579713805828, 10.481708272771304, 25.378457534402532, 4.825550664609838, 7.88168933474317, 4.419658504644059, 6.997832443438607, 5.699258397540749, 3.632532118537841, 3.212858204660828, 5.7976489987746405, 7.2058502418263615, 3.9451815423231147, 3.325504058303996, 1.6419363134949259, 1.6309343689245714, 0.0, 7.5852780333614005, 2.6334170490144753, 4.036252605007772, 2.0475188481829187, 0.0, 7.217673289673031, 6.984136613484477, 0.0, 2.095441362441275, 5.595914074431973], [0.0, 0.0, 144.8052595121741, 0.0, 0.0, 0.0, 119.78654799329615, 0.0, 0.0, 0.0, 616.874206122392, 210.8958602132556, 215.17821209986826, 0.0, 0.0, 0.0, 0.0, 0.0, 0.0, 163.0887474489652, 289.5900533297053, 247.29071902045004, 310.2610454845458, 757.6939716842328, 1305.8458764152122, 759.0441373865849, 439.1741868770432, 473.79073474700476, 368.06617969239545, 391.755946849063, 221.88288165060885, 91.18289767731481, 56.032511116968834, 63.60713197316045, 25.868849728458574, 48.14888780119008, 23.24797097079588, 17.656975769969026, 31.810942128731718, 9.211970748311291, 4.303025518653807, 10.092226916627798, 39.810283065800434, 35.218451446333546, 15.616627812258951, 8.285705136670868, 4.13530230975252, 4.385093182507896, 5.161252332892071, 13.422565678123048, 0.0, 0.0, 0.0, 0.0, 0.0, 3.529419117192204, 0.0, 4.956754074680021, 26.52930202381072, 19.03937087119969, 0.0, 31.254129764164276, 10.963160800565008, 4.707598147509749, 5.784794622443149, 5.86148724398966, 11.939562257193296, 0.0, 4.965241448983146, 0.0, 4.574238827776222, 9.283024301717608, 5.569109238912255, 0.0, 0.0, 7.641915278149449, 3.4280559417199394, 10.545460758087088, 0.0, 0.0, 0.0, 4.258071462614753, 0.0, 0.0, 4.6879249950186725, 0.0, 3.929729180224015, 0.0, 0.0, 4.522308745382623, 4.180680815426672, 0.0, 0.0, 0.0, 9.225977530041932, 0.0, 8.317256014764379, 16.73431309120026, 9.382280225690884, 17.06980906237912, 15.49862197326535, 5.893926804829982, 19.253388168971313, 16.194510557991983, 0.0, 0.0, 4.436774144736305, 3.9241844938953623, 9.441663404891814, 0.0, 0.0, 4.061770121398892, 4.01092149789455, 3.984045951240764, 0.0, 18.529314737401695, 6.432910319360464, 9.85975656382155, 10.00335676606197, 0.0, 0.0, 8.530423335248289, 0.0, 0.0, 4.5565656997043344], [0.0, 0.0, 0.0, 0.0, 0.0, 0.0, 70.23864856783301, 0.0, 0.0, 0.0, 361.713492042667, 123.66196754212089, 0.0, 0.0, 0.0, 185.00733864012741, 0.0, 626.3316145779897, 117.88844990061564, 198.08977413261184, 148.579807454595, 185.00337053229842, 224.45445461647452, 288.92171899683757, 759.0441373865849, 1397.6978685141646, 1003.8775164038165, 636.6578651966335, 401.87387333128044, 367.53921018416804, 263.63254574575035, 72.17973033759375, 72.28211706429758, 52.21580126884426, 32.504121623662236, 53.89903213291354, 49.98326048338169, 57.97923026635034, 32.642444739322784, 35.11025665658249, 10.092575577019112, 26.629782408170104, 19.452799782111875, 20.65087003242428, 16.024829076527514, 4.858448139467916, 9.69918744708165, 5.142531012757959, 6.052756254403505, 2.6235079239924466, 7.997066087210693, 5.540283027212458, 3.1390849901378584, 0.0, 8.460174905668758, 4.13905623250665, 2.4280115216474463, 8.71940247016991, 10.370570835186081, 8.3730166407104, 12.144553493052106, 12.217553493132028, 12.856829277802104, 11.04148462146264, 13.56800620201908, 10.310914276579705, 3.5004711776304642, 12.987891319216523, 0.0, 3.2204719849711285, 10.72869562974605, 2.721620634778987, 6.5310623474970075, 5.219979442517948, 2.6416832024109955, 2.2404761244022686, 2.010092289952408, 0.0, 0.0, 3.5433593932043483, 2.6278928088369082, 0.0, 2.586266702901919, 5.604076296040403, 0.0, 2.7789231271270647, 4.6085119152437795, 0.0, 0.0, 2.6517239206187377, 0.0, 4.735882766475005, 2.6444252566767177, 0.0, 0.0, 10.509269473768686, 2.438474236282462, 13.083222403266664, 11.002882954338276, 20.01827984757617, 22.719626708977433, 13.823971404607217, 11.289514457133643, 9.495895447913894, 10.023502219321276, 0.0, 5.203138835663279, 0.0, 0.0, 2.5803652943550563, 8.47645387298019, 0.0, 4.7037285946256375, 2.3361054153005467, 17.701525674738903, 3.6216476942969242, 7.544067923473897, 5.781416927461708, 8.798428606892529, 2.71803959789218, 3.4461320617075653, 5.001942345086017, 3.071997065937694, 6.002904847080592, 2.6718110023146027], [0.0, 0.0, 0.0, 0.0, 0.0, 0.0, 123.39381946649888, 600.9127418055652, 0.0, 0.0, 0.0, 92.16531428579353, 141.0551695437665, 0.0, 0.0, 68.94302205380039, 0.0, 0.0, 131.79346388841535, 206.18185298435057, 205.653667927847, 201.23477514764082, 237.72220420973645, 298.62283616790035, 439.1741868770432, 1003.8775164038165, 1678.5487131349887, 1015.8642832254022, 507.5145097997478, 401.55225778542376, 336.8321874434923, 113.56845116945516, 113.865587798853, 58.374686618847136, 29.070401947225314, 45.90968044318556, 50.798923906419404, 64.81791555345963, 46.919109657689056, 27.174138002851638, 22.56600194458956, 16.539322974511894, 21.747269285274964, 5.771663161609809, 28.152091567378278, 2.7157525184295412, 18.97562183025777, 5.749095656922643, 3.3833412582513844, 5.8659045416774855, 2.9801082901296434, 3.0968813810601827, 7.0186839277159745, 3.163586943377056, 6.305371769442021, 6.940890628863931, 8.143190848687915, 9.747861266728696, 5.79689296967426, 12.480825358829932, 23.759769118683455, 6.82931065960801, 0.0, 6.171917206308225, 15.168360742134574, 11.527092853562552, 3.913353870802487, 2.9039641915876726, 0.0, 3.600328603970635, 8.995613827568135, 9.127912305661013, 0.0, 14.589197939572003, 11.813085337370909, 5.009483277508513, 8.988735566599091, 6.9128362980297355, 0.0, 3.9613007773505027, 5.875708711006891, 2.791281636868687, 5.782636850379607, 0.0, 9.219186950125577, 0.0, 0.0, 0.0, 4.594335048874704, 5.928992722675331, 13.70274981545732, 0.0, 8.869010446704069, 2.9636029195496163, 9.071818740433535, 11.748844166264043, 8.17828124315626, 14.62639640102713, 24.60135931100184, 33.56917209986079, 15.239652254748616, 34.772663689258195, 18.931679276192803, 14.15458941463014, 11.205780370267393, 9.126345678099975, 5.816852209207126, 12.86204824609584, 0.0, 2.8847209419345106, 9.476256735517557, 2.662600769523155, 7.887804342146963, 5.223300924738621, 7.915772534969519, 0.0, 0.0, 3.231669275894511, 6.557472389392155, 0.0, 0.0, 0.0, 0.0, 0.0, 5.973905452944317], [0.0, 0.0, 0.0, 0.0, 0.0, 0.0, 133.87631928300496, 0.0, 0.0, 265.48565950546583, 268.112992521773, 122.2159928902604, 187.04647981385676, 0.0, 0.0, 0.0, 0.0, 0.0, 174.76497715423244, 151.89324671473787, 183.553086818325, 200.13582147987248, 241.67785723873197, 274.76814694947, 473.79073474700476, 636.6578651966335, 1015.8642832254022, 1724.6168629096212, 1345.9811904737528, 681.0779780087825, 304.5388447191826, 134.7452781936409, 92.5432892523594, 88.46613240647787, 57.823293913186575, 68.48844790345693, 37.049106099182964, 95.16105652216453, 48.39113682413641, 36.03431814551292, 22.44276782371915, 13.159200691019024, 51.90841513541688, 68.88172567428772, 30.543656201370545, 14.404915474161296, 7.189331414709654, 22.870798175323614, 0.0, 7.778494038848048, 3.9517783498171326, 8.213251064841685, 9.307139368600211, 4.195080572074697, 4.180625202204506, 0.0, 3.5994313138280827, 8.617446830923422, 19.21745277649736, 24.825333833117426, 18.003821541049213, 40.7520926141852, 19.059742297953633, 24.552848170183424, 15.085525528094793, 0.0, 10.378620906515838, 15.403229283941418, 8.632202353527404, 14.32266808208458, 7.952434051885392, 12.104085730042836, 0.0, 3.8692068170643075, 11.748573458399497, 16.607087421450643, 5.959765073297428, 4.583389957482974, 0.0, 0.0, 11.687242314764433, 0.0, 0.0, 0.0, 0.0, 4.1196439280960755, 6.83193714279537, 0.0, 6.09232685875293, 0.0, 3.6341115678940152, 3.510379702955977, 3.9202561400950984, 11.78967411391101, 8.019801833073883, 0.0, 10.84482562679442, 14.546520882696118, 20.389174997282538, 22.25723272622154, 53.88952076094973, 10.246746177185617, 8.368129947618534, 0.0, 0.0, 0.0, 0.0, 17.055743900841204, 8.207289605383833, 3.8252897726427793, 4.18866951118947, 0.0, 0.0, 3.4631841361818316, 5.248362723827193, 0.0, 11.183783139123355, 8.570722561020473, 8.695548918054994, 0.0, 15.326264571529803, 0.0, 0.0, 4.449534832901354, 3.960854427839075], [0.0, 0.0, 0.0, 0.0, 0.0, 0.0, 114.76120347074585, 0.0, 0.0, 0.0, 0.0, 39.28716025706114, 0.0, 0.0, 0.0, 176.32938662595714, 0.0, 596.9529113534751, 224.7175513582764, 104.16451175484374, 165.21227891310218, 214.4500597047728, 229.68917956317463, 314.3369509086413, 368.06617969239545, 401.87387333128044, 507.5145097997478, 1345.9811904737528, 1812.2689863104088, 1178.2798685705461, 437.26914928263255, 114.65678128235405, 140.91474466132712, 85.31411574661425, 66.08956519130854, 78.27938251602818, 51.96954137976517, 84.86304496224727, 55.55592610120919, 43.75979857077678, 19.23834669535539, 16.9204574352918, 40.788763373872996, 34.4438859968006, 26.182574803660344, 13.89167348738762, 16.177415584154026, 7.351973271842114, 5.768845741905651, 10.001798770712973, 7.62195580094278, 5.280410577781721, 5.983686214247313, 8.091222703122181, 5.375561361799679, 5.917364565531431, 6.942369726732417, 11.080547042879596, 2.47103224089725, 15.960544044550343, 14.46862651514525, 8.733357806298912, 15.31720874677901, 18.416252532699716, 6.465792732668107, 6.551513769871545, 6.672556236853465, 9.902945155432091, 11.09952009436034, 6.138825129100799, 5.112727780408671, 5.187920659651476, 3.1123582075577443, 12.43782787300277, 5.035544883409218, 4.270768756199666, 7.663227700136157, 0.0, 10.036721354849742, 6.754309239747422, 5.0092578003332395, 11.898351330979555, 2.464955307858905, 0.0, 7.8596959812075315, 7.945724976458662, 0.0, 2.1435663809010985, 1.9584198105164556, 0.0, 4.672839296509771, 4.513741506056419, 2.520385877205729, 2.5265804981166746, 2.5780197206167377, 5.008160902744316, 4.648190385823169, 9.352155697238736, 13.108477322550787, 9.539651326199506, 34.64630427234988, 26.351088734384522, 21.519937253986107, 6.0336540597159605, 19.106679888140288, 0.0, 17.356781636775715, 2.193073846030639, 2.638288937294414, 4.918661421421559, 0.0, 0.0, 6.724643336111038, 4.453056165245301, 3.374243624618407, 6.903541461702622, 14.38041192731569, 16.530701562567163, 11.180972826477467, 7.771641795036979, 0.0, 2.383660648627153, 2.9279020082938727, 2.8606663320492833, 0.0], [0.0, 0.0, 0.0, 0.0, 0.0, 0.0, 85.8734326053028, 0.0, 0.0, 574.737988863091, 193.4752613971305, 88.19330592281068, 134.97617640614789, 0.0, 0.0, 65.97181469353626, 0.0, 0.0, 252.22723688209774, 146.14527671677448, 155.16189923771023, 181.8643451325376, 222.4221452725978, 244.93132971936478, 391.755946849063, 367.53921018416804, 401.55225778542376, 681.0779780087825, 1178.2798685705461, 1380.6074556169751, 710.5600027365823, 220.20792548531153, 168.7097376158498, 125.0176235965585, 85.77083315601013, 74.13378350022897, 75.34498049061011, 75.31544741852404, 69.83986682848865, 23.113800912059908, 37.788598396894045, 28.48776297104049, 62.43011011001251, 33.13754586569441, 34.2857876483057, 20.789703330327047, 10.375907274382426, 19.254652858599584, 6.475061750561957, 0.0, 5.703351725129854, 5.926832869024282, 6.716202766836145, 15.13623608147717, 3.0168159558111056, 8.855682789152745, 10.389663071137468, 15.546269900118583, 8.320600201464458, 23.8858893406959, 6.495944202552798, 6.534990835891507, 3.4384650558840986, 8.858893172408507, 10.88599238481218, 11.030314759004611, 3.7447017653700776, 5.5576266260735, 3.1145779081295593, 17.225834059873204, 14.346556301323417, 5.823020432708394, 10.48010944585298, 8.3762721823742, 2.8259954873598567, 9.58718352196001, 4.300675974619432, 0.0, 0.0, 7.581164649985714, 2.8112429273353547, 10.683947956982301, 5.533425071438806, 5.995077043672919, 2.9406238899910333, 8.918432244048331, 0.0, 2.405979515440859, 0.0, 0.0, 0.0, 2.5331544892492843, 2.828928856877426, 2.8358818167439597, 2.893618174585759, 8.431882014054533, 13.04304237065248, 10.497036729653814, 23.54112525569295, 32.122456127020996, 24.30479267743837, 22.18272090943195, 24.154385265595423, 27.089150492891537, 21.44569947940063, 17.46606307553291, 5.566165865865841, 4.9230952644263075, 0.0, 5.520798762646533, 0.0, 2.5478518251313846, 2.5159556925761684, 0.0, 11.361944906309914, 3.8743328615442376, 12.105635086343277, 9.27718630264286, 3.137433930538825, 8.723037983242993, 7.373142734407662, 2.6754658700835496, 0.0, 0.0, 0.0], [0.0, 0.0, 0.0, 0.0, 0.0, 0.0, 87.99462176845233, 0.0, 0.0, 0.0, 0.0, 108.44615888860474, 0.0, 0.0, 0.0, 54.08112572388469, 0.0, 0.0, 155.0745531122845, 65.89231502018087, 89.96767984422269, 105.23669014958051, 111.88616945041846, 152.97917723318196, 221.88288165060885, 263.63254574575035, 336.8321874434923, 304.5388447191826, 437.26914928263255, 710.5600027365823, 1294.087345458572, 670.4950039890258, 573.3756977862861, 279.10694535196626, 176.72913257657902, 139.55049566087155, 153.41599770412543, 188.8538206318788, 108.36986528150354, 68.68575426448054, 55.31718221327148, 49.30111385316309, 88.7081418905854, 45.274783695346834, 42.15923120268747, 40.476150176896994, 31.89661837475335, 22.548878462133935, 21.23201432179901, 9.202808683240168, 11.688464351296023, 9.717173766498165, 13.76420399786104, 17.371336023360247, 17.311478034212527, 10.889316062832252, 23.4218637583363, 12.744226923443001, 6.820904164663947, 14.685541740003899, 15.975366605218666, 18.74995889149287, 22.54975848074364, 24.207252630388787, 14.873188030553518, 15.070371138211641, 9.209282232671747, 9.111851953362693, 12.766048668575715, 16.945281893215274, 9.408598731332825, 9.546970977741095, 17.182371568044125, 6.866541887574311, 6.949923294834576, 5.894399901658398, 7.0510535191893675, 2.7113256556308123, 9.234941489338619, 9.322115523286906, 9.218190095262058, 6.568713495753044, 4.536086484240638, 7.371796201818357, 12.053045004145194, 4.873989068320325, 8.082928410957477, 1.9723283536779366, 3.6039443005841725, 6.976339112335012, 8.599102429300432, 0.0, 2.319045760426887, 9.298982105122246, 14.232453270262033, 11.520214438275953, 12.83061411991124, 17.210124224770315, 19.298098143108763, 30.721529022275035, 7.9696491878388835, 27.276796704177407, 22.27592793149703, 24.982460015848144, 8.790174828219094, 14.317998640436722, 6.844389169608053, 4.035761865622693, 7.282590531252632, 15.840075747207324, 4.9556538780232176, 2.0886297507632428, 0.0, 12.291976138674404, 6.209386779292799, 9.528081812878229, 9.923728430288957, 2.5350254050552223, 2.5719462112124725, 9.534409324293996, 6.044215413081792, 10.966213887104697, 0.0, 10.52857213545371, 2.343061866443617], [0.0, 0.0, 0.0, 0.0, 0.0, 0.0, 20.612021008162937, 0.0, 0.0, 0.0, 0.0, 0.0, 86.3948006355647, 0.0, 0.0, 0.0, 0.0, 0.0, 40.36105190096282, 28.063156881365188, 26.64553231175856, 30.813543268310905, 43.68070132936463, 59.723536726277345, 91.18289767731481, 72.17973033759375, 113.56845116945516, 134.7452781936409, 114.65678128235405, 220.20792548531153, 670.4950039890258, 1325.2910713109559, 1111.3640569975687, 595.8979772372022, 458.48683469243514, 304.03878604695615, 294.0254481366372, 357.30259436573317, 234.68924695833147, 94.31527661005286, 72.56254796342816, 97.24954108564847, 103.89578632744228, 56.56132303928861, 81.51169503898761, 69.86152810204543, 58.11183915710083, 26.409452488757037, 24.867129175128603, 26.94603404458541, 21.903417997162407, 34.1425281096278, 38.689827573021034, 42.628598521472085, 28.96480178904589, 35.42685130774887, 19.950473341324987, 17.91138602334307, 12.426874882658016, 9.